0.019762845849802257  0
0.11857707509881421  0.0000928030303030303
0.15810276679841895  0.00017676767676767704
0.21739130434782594  0.00025189393939393937
0.2569169960474307  0.0003358585858585857
0.29644268774703564  0.0004154040404040402
0.3359683794466404  0.000499368686868687
0.35573122529644285  0.0005744949494949493
0.39525691699604737  0.0006540404040404043
0.4347826086956521  0.0007380050505050506
0.47430830039525684  0.0008308080808080813
0.513833992094862  0.0009280303030303034
0.5335968379446643  0.0010208333333333337
0.5533596837944665  0.001113636363636364
0.592885375494071  0.001210858585858586
0.6126482213438738  0.0013125000000000003
0.6521739130434783  0.0014008838383838388
0.6719367588932805  0.0014981060606060609
0.6916996047430828  0.0015909090909090912
0.7312252964426877  0.0017102272727272734
0.7707509881422927  0.0018383838383838388
0.7707509881422927  0.001953282828282829
0.8102766798418972  0.002050505050505051
0.8102766798418972  0.002165404040404041
0.8498023715415022  0.002280303030303031
0.8498023715415022  0.002373106060606061
0.8695652173913044  0.002492424242424243
0.909090909090909  0.0026073232323232326
0.909090909090909  0.002722222222222223
0.9288537549407112  0.002819444444444445
0.9486166007905139  0.0029122474747474755
0.9486166007905139  0.0030138888888888897
0.9683794466403162  0.0031243686868686876
0.9881422924901189  0.00322159090909091
1.0474308300395256  0.0031155303030303036
1.0671936758893283  0.0030315656565656573
1.0869565217391306  0.0029166666666666672
1.1264822134387351  0.0027973484848484854
1.1857707509881423  0.0026824494949494954
1.2450592885375495  0.002558712121212122
1.284584980237154  0.00243939393939394
1.3438735177865613  0.0023465909090909097
1.3833992094861658  0.0022405303030303032
1.4426877470355735  0.002152146464646465
1.482213438735178  0.002046085858585859
1.5415019762845847  0.001935606060606061
1.6205533596837947  0.001825126262626263
1.6798418972332014  0.001719065656565657
1.758893280632411  0.0016085858585858591
1.8379446640316208  0.0014981060606060609
1.9169960474308303  0.0013832070707070709
1.9960474308300398  0.001281565656565657
2.075098814229249  0.0011622474747474752
2.154150197628458  0.001042929292929293
2.2529644268774707  0.0009280303030303034
2.371541501976284  0.0008219696969696973
2.4901185770750986  0.000720328282828283
2.5889328063241104  0.0006319444444444445
2.7272727272727275  0.0005258838383838385
2.924901185770751  0.00041098484848484844
3.1027667984189717  0.00030934343434343417
3.320158102766798  0.00022537878787878786
3.5770750988142286  0.00014583333333333332
3.8735177865612647  0.00008838383838383852
4.189723320158103  0.000053030303030303025
4.525691699604743  0.00003093434343434372
4.881422924901186  0.000013257575757575756
5.237154150197629  0.000008838383838383982
5.573122529644269  0.000008838383838383982
5.988142292490118  0.000008838383838383982
6.304347826086957  0.000008838383838383982
6.778656126482213  0.000008838383838383982
7.252964426877471  0.000008838383838383982
7.747035573122529  0.000008838383838383982
8.181818181818182  0.000008838383838383982
8.735177865612648  0.000008838383838383982
9.189723320158103  0.000008838383838383982
9.74308300395257  0.000008838383838383982
10.395256916996047  0.000008838383838383982
10.948616600790514  0.000008838383838383982
11.679841897233201  0.000008838383838383982
12.411067193675889  0.000008838383838383982
13.102766798418973  0.000008838383838383982
13.794466403162055  0.000008838383838383982
14.32806324110672  0.000008838383838383982
15.039525691699605  0.000008838383838383982
15.731225296442688  0.000008838383838383982
16.877470355731226  0.000008838383838383982
17.727272727272727  0.000008838383838383982
18.675889328063242  0.000008838383838383982
19.565217391304348  0.000008838383838383982
20.49407114624506  0.000008838383838383982
20.948616600790515  0.000008838383838383982