0.02262443438913974  0
0.09049773755656076  0.0025289017341040554
0.1357466063348416  0.004349710982658961
0.18099547511312197  0.006372832369942197
0.2262443438914028  0.008395953757225433
0.24886877828054255  0.01031791907514451
0.2714932126696832  0.012341040462427746
0.31674208144796356  0.014364161849710982
0.33936651583710375  0.016589595375722542
0.3619909502262444  0.018612716763005778
0.38461538461538414  0.02073699421965318
0.42986425339366496  0.023063583815028904
0.4524886877828056  0.025187861271676305
0.47511312217194535  0.02761560693641619
0.5203619909502257  0.030549132947976884
0.5429864253393664  0.03317919075144509
0.5656108597285066  0.0358092485549133
0.6108597285067869  0.03813583815028902
0.6334841628959276  0.04026011560693642
0.6561085972850673  0.04228323699421965
0.7013574660633481  0.0448121387283237
0.7239819004524888  0.04723988439306359
0.7692307692307692  0.049566473988439316
0.7692307692307692  0.05179190751445087
0.7918552036199094  0.053815028901734105
0.81447963800905  0.05573699421965318
0.8597285067873304  0.05806358381502891
0.8823529411764706  0.06008670520231214
0.9049773755656108  0.06180635838150289
0.9502262443438911  0.06423410404624277
1.0180995475113117  0.06817919075144509
1.063348416289592  0.06281791907514452
1.0859728506787323  0.059075144508670525
1.0859728506787323  0.05624277456647399
1.1085972850678734  0.053106936416184976
1.1538461538461537  0.04997109826589596
1.176470588235294  0.0469364161849711
1.1990950226244341  0.04410404624277457
1.2443438914027145  0.040867052023121395
1.289592760180995  0.03813583815028902
1.3348416289592762  0.034595375722543356
1.3800904977375565  0.03135838150289018
1.425339366515837  0.02822254335260116
1.4932126696832575  0.025289017341040464
1.561085972850679  0.021849710982658962
1.6515837104072397  0.019320809248554914
1.7194570135746603  0.01598265895953757
1.8552036199095014  0.012644508670520235
1.9909502262443435  0.009812138728323691
2.194570135746606  0.006676300578034686
2.420814479638009  0.004349710982658961
2.7375565610859725  0.002326589595375725
3.190045248868777  0.001011560693641611
3.7556561085972855  0.0004046242774566472
4.2986425339366505  0.00020231213872831666
4.886877828054299  0.00020231213872831666
5.452488687782806  0.00020231213872831666
6.0633484162895925  0.00020231213872831666
6.538461538461538  0.00020231213872831666
7.081447963800905  0.00020231213872831666
7.669683257918551  0.00020231213872831666
8.167420814479637  0.00020231213872831666
8.868778280542987  0.00020231213872831666
9.389140271493213  0.00020231213872831666
10.00000000000000  0.00020231213872831666
11.855203619909503  0.00010115606936417221
13.054298642533936  0.00020231213872831666
14.14027149321267  0.00020231213872831666
15.06787330316742  0.00020231213872831666
15.995475113122168  0.00020231213872831666
17.307692307692307  0.00010115606936417221
19.479638009049772  0.00020231213872831666
20.95022624434389  0.00020231213872831666