0.000000000000000 2.999999999999998 3.000000005147131 1.000000000000000 1.000000000000000
0.100000000000000 3.001180333416093 3.000974338558535 1.020099904522534 1.018338271709291
0.200000000000000 3.004645383915586 3.003487860220777 1.040399812052407 1.035438992457541
0.300000000000000 3.010286957557826 3.007031478503018 1.060899722002179 1.051646767464373
0.400000000000000 3.018004037431553 3.011214519969847 1.081599633740803 1.067263903173643
0.500000000000000 3.027702244625270 3.015741221191490 1.102499546530749 1.082532993833497
0.600000000000000 3.039293344256836 3.020391232182876 1.123599459425300 1.097640031306693
0.700000000000000 3.052694792369041 3.025003624922315 1.144899371093370 1.112723915300032
0.800000000000000 3.067829319878762 3.029463900652352 1.166399279509511 1.127886477483892
0.900000000000000 3.084624550065613 3.033693520264505 1.188099181388285 1.143201127203572
1.000000000000000 3.103012646265962 3.037641553135720 1.209999071122982 1.158719786539670
1.100000000000000 3.103012672941281 3.030925287069629 1.209999101747322 1.153120173053337
1.200000000000000 3.103012697192688 3.025419316339935 1.209999129588911 1.147479082136025
1.300000000000000 3.103012719239432 3.020902844947203 1.209999154899455 1.141802113125593
1.400000000000000 3.103012739281933 3.017195937039852 1.209999177909048 1.136096073996423
1.500000000000000 3.103012757502397 3.014151836127883 1.209999198826867 1.130369120534272
1.600000000000000 3.103012774066460 3.011650756412926 1.209999217843070 1.124630885784777
1.700000000000000 3.103012789124705 3.009594850024325 1.209999235130533 1.118892588129895
1.800000000000000 3.103012802814020 3.007904126931976 1.209999250846413 1.113167103287262
1.900000000000000 3.103012815258859 3.006513145731575 1.209999265133582 1.107468982903492
2.000000000000000 3.103012826572352 3.005368327879097 1.209999278121919 1.101814400956361
2.100000000000000 3.103012836857349 3.004425776157359 1.209999289929502 1.096221009803839
2.200000000000000 3.103012846207348 3.003649501118536 1.209999300663672 1.090707691353168
2.300000000000000 3.103012854707353 3.003009977841139 1.209999310422010 1.085294196143251
2.400000000000000 3.103012862434629 3.002482970349580 1.209999319293229 1.080000674177531
2.500000000000000 3.103012869459426 3.002048573135930 1.209999327357975 1.074847115171737
2.600000000000000 3.103012875845612 3.001690428955057 1.209999334689564 1.069852730430498
2.700000000000000 3.103012881651233 3.001395089894138 1.209999341354647 1.065035320909461
2.800000000000000 3.103012886929073 3.001151495018885 1.209999347413816 1.060410683055717
2.900000000000000 3.103012891727112 3.000950542973031 1.209999352922152 1.055992103464068
3.000000000000000 3.103012896088966 3.000784741997482 1.209999357929731 1.051789984657431
3.100000000000000 3.103012900054289 3.000647923135003 1.209999362482078 1.047811628882815
3.200000000000000 3.103012903659128 3.000535005051774 1.209999366620575 1.044061187883998
3.300000000000000 3.103012906936256 3.000441801062643 1.209999370382846 1.040539768035794
3.400000000000000 3.103012909915464 3.000364860692458 1.209999373803093 1.037245665389887
3.500000000000000 3.103012912623835 3.000301339521089 1.209999376912410 1.034174696126068
3.600000000000000 3.103012915085992 3.000248892208698 1.209999379739063 1.031320585030115
3.700000000000000 3.103012917324317 3.000205584531668 1.209999382308747 1.028675376980895
3.800000000000000 3.103012919359157 3.000169821019484 1.209999384644825 1.026229842314513
3.900000000000000 3.103012921209014 3.000140285401980 1.209999386768532 1.023973854491828
4.000000000000000 3.103012922890701 3.000115891581230 1.209999388699175 1.021896726179884
4.100000000000001 3.103012924419508 3.000095743254559 1.209999390454305 1.019987496629408
4.200000000000000 3.103012925809334 3.000079100651932 1.209999392049879 1.018235168566407
4.300000000000000 3.103012927072812 3.000065353126476 1.209999393500402 1.016628896599557
4.400000000000000 3.103012928221428 3.000053996562319 1.209999394819058 1.015158131519912
4.500000000000000 3.103012929265625 3.000044614748742 1.209999396017837 1.013812726106470
4.600000000000001 3.103012930214895 3.000036864020963 1.209999397107636 1.012583008452935
4.700000000000000 3.103012931077870 3.000030460592176 1.209999398098364 1.011459828674253
4.800000000000001 3.103012931862390 3.000025170103381 1.209999398999023 1.010434584361095
4.900000000000000 3.103012932575592 3.000020799001364 1.209999399817807 1.009499229492856
5.000000000000000 3.103012933223955 3.000017187423868 1.209999400562156 1.008646270809584
5.100000000000001 3.103012933813379 3.000014203327779 1.209999401238836 1.007868754952289
5.200000000000000 3.103012934349217 3.000011737642477 1.209999401854000 1.007160249049956
5.300000000000001 3.103012934836346 3.000009700268976 1.209999402413240 1.006514816879515
5.400000000000000 3.103012935279188 3.000008016776869 1.209999402921641 1.005926992256619
5.500000000000000 3.103012935681771 3.000006625677132 1.209999403383824 1.005391750927410
5.600000000000001 3.103012936047757 3.000005476170201 1.209999403803990 1.004904481916380
5.700000000000000 3.103012936380471 3.000004526286354 1.209999404185959 1.004460959033774
5.800000000000001 3.103012936682939 3.000003741349916 1.209999404533204 1.004057313047455
5.900000000000000 3.103012936957909 3.000003092710863 1.209999404848880 1.003690004869715
6.000000000000000 3.103012937207883 3.000002556697158 1.209999405135859 1.003355799990804
6.100000000000001 3.103012937435132 3.000002113749392 1.209999405396749 1.003051744300710
6.200000000000000 3.103012937641721 3.000001747705972 1.209999405633922 1.002775141373233
6.300000000000001 3.103012937829530 3.000001445212609 1.209999405849535 1.002523531236506
6.400000000000000 3.103012938000266 3.000001195234506 1.209999406045546 1.002294670618020
6.500000000000000 3.103012938155479 3.000000988653355 1.209999406223736 1.002086514626740
6.600000000000001 3.103012938296582 3.000000817934382 1.209999406385730 1.001897199817424
6.700000000000000 3.103012938424857 3.000000676851266 1.209999406532996 1.001725028570956
6.800000000000001 3.103012938541472 3.000000560258866 1.209999406666874 1.001568454717782
6.900000000000000 3.103012938647487 3.000000463905418 1.209999406788581 1.001426070328133
7.000000000000000 3.103012938743863 3.000000384277405 1.209999406899224 1.001296593591901
7.100000000000001 3.103012938831476 3.000000318471334 1.209999406999808 1.001178857711892
7.200000000000000 3.103012938911127 3.000000264087804 1.209999407091250 1.001071800736324
7.300000000000001 3.103012938983536 3.000000219143979 1.209999407174377 1.000974456259416
7.400000000000000 3.103012939049361 3.000000182001251 1.209999407249948 1.000885944922443
7.500000000000000 3.103012939109202 3.000000151305477 1.209999407318650 1.000805466651411
7.600000000000001 3.103012939163605 3.000000125937595 1.209999407381104 1.000732293571519
7.700000000000000 3.103012939213061 3.000000104972793 1.209999407437881 1.000665763542554
7.800000000000001 3.103012939258021 3.000000087646804 1.209999407489498 1.000605274263280
7.900000000000000 3.103012939298895 3.000000073328025 1.209999407536421 1.000550277896722
8.000000000000000 3.103012939336050 3.000000061494491 1.209999407579080 1.000500276171888
8.100000000000000 3.103012939369831 3.000000051714830 1.209999407617859 1.000454815920932
8.200000000000001 3.103012939400538 3.000000043632561 1.209999407653114 1.000413485014065
8.300000000000001 3.103012939428455 3.000000036953068 1.209999407685163 1.000375908657526
8.400000000000000 3.103012939453834 3.000000031432877 1.209999407714299 1.000341746022857
8.500000000000000 3.103012939476907 3.000000026870774 1.209999407740786 1.000310687178323
8.600000000000000 3.103012939497881 3.000000023100473 1.209999407764865 1.000282450295808
8.700000000000001 3.103012939516947 3.000000019984539 1.209999407786756 1.000256779108794
8.800000000000001 3.103012939534281 3.000000017409406 1.209999407806656 1.000233440599105
8.900000000000000 3.103012939550041 3.000000015281207 1.209999407824747 1.000212222892066
9.000000000000000 3.103012939564364 3.000000013522376 1.209999407841194 1.000192933341450
9.100000000000000 3.103012939577388 3.000000012068800 1.209999407856145 1.000175396787256
9.200000000000001 3.103012939589229 3.000000010867505 1.209999407869736 1.000159453970841
9.300000000000001 3.103012939599991 3.000000009874702 1.209999407882093 1.000144960093266
9.400000000000000 3.103012939609775 3.000000009054209 1.209999407893326 1.000131783504012
9.500000000000000 3.103012939618671 3.000000008376113 1.209999407903538 1.000119804508332
9.600000000000001 3.103012939626757 3.000000007815708 1.209999407912822 1.000108914282549
9.700000000000001 3.103012939634109 3.000000007352566 1.209999407921261 1.000099013887578
9.800000000000001 3.103012939640792 3.000000006969800 1.209999407928934 1.000090013371815
9.900000000000000 3.103012939646868 3.000000006653467 1.209999407935909 1.000081830955313
10.000000000000000 3.103012939652391 3.000000006392036 1.209999407942250 1.000074392287915
10.100000000000001 3.103012939657412 3.000000006175976 1.209999407948014 1.000067629774644
10.200000000000001 3.103012939661975 3.000000005997415 1.209999407953254 1.000061481962291
10.300000000000001 3.103012939666127 3.000000005849845 1.209999407958019 1.000055892981627
10.400000000000000 3.103012939669898 3.000000005727886 1.209999407962350 1.000050812040238
10.500000000000000 3.103012939673328 3.000000005627093 1.209999407966287 1.000046192961387
10.600000000000001 3.103012939676447 3.000000005543793 1.209999407969867 1.000041993764713
10.700000000000001 3.103012939679280 3.000000005474952 1.209999407973120 1.000038176285013
10.800000000000001 3.103012939681857 3.000000005418058 1.209999407976078 1.000034705825623
10.900000000000000 3.103012939684199 3.000000005371035 1.209999407978767 1.000031550843273
11.000000000000000 3.103012939686329 3.000000005332176 1.209999407981211 1.000028682661563
11.100000000000001 3.103012939688264 3.000000005300062 1.209999407983434 1.000026075210463
11.200000000000001 3.103012939690024 3.000000005273521 1.209999407985454 1.000023704789467
11.300000000000001 3.103012939691622 3.000000005251582 1.209999407987291 1.000021549852265
11.400000000000000 3.103012939693079 3.000000005233455 1.209999407988962 1.000019590810977
11.500000000000000 3.103012939694401 3.000000005218474 1.209999407990479 1.000017809858171
11.600000000000001 3.103012939695602 3.000000005206092 1.209999407991859 1.000016190805049
11.700000000000001 3.103012939696695 3.000000005195857 1.209999407993113 1.000014718934338
11.800000000000001 3.103012939697690 3.000000005187403 1.209999407994254 1.000013380866547
11.900000000000000 3.103012939698591 3.000000005180411 1.209999407995290 1.000012164438375
12.000000000000000 3.103012939699412 3.000000005174635 1.209999407996233 1.000011058592175
12.100000000000001 3.103012939700159 3.000000005169862 1.209999407997089 1.000010053275452
12.200000000000001 3.103012939700837 3.000000005165918 1.209999407997870 1.000009139349505
12.300000000000001 3.103012939701453 3.000000005162657 1.209999407998577 1.000008308506361
12.400000000000000 3.103012939702015 3.000000005159961 1.209999407999221 1.000007553193273
12.500000000000000 3.103012939702525 3.000000005157735 1.209999407999806 1.000006866544068
12.600000000000001 3.103012939702988 3.000000005155894 1.209999408000338 1.000006242316733
12.700000000000001 3.103012939703409 3.000000005154373 1.209999408000822 1.000005674836685
12.800000000000001 3.103012939703794 3.000000005153115 1.209999408001261 1.000005158945192
12.900000000000000 3.103012939704142 3.000000005152077 1.209999408001662 1.000004689952476
13.000000000000000 3.103012939704458 3.000000005151220 1.209999408002025 1.000004263595086
13.100000000000001 3.103012939704744 3.000000005150508 1.209999408002355 1.000003875997147
13.200000000000001 3.103012939705006 3.000000005149923 1.209999408002656 1.000003523635126
13.300000000000001 3.103012939705243 3.000000005149437 1.209999408002928 1.000003203305798
13.400000000000000 3.103012939705461 3.000000005149037 1.209999408003177 1.000002912097138
13.500000000000000 3.103012939705660 3.000000005148706 1.209999408003402 1.000002647361841
13.600000000000001 3.103012939705836 3.000000005148434 1.209999408003608 1.000002406693264
13.700000000000001 3.103012939705998 3.000000005148206 1.209999408003793 1.000002187903544
13.800000000000001 3.103012939706146 3.000000005148020 1.209999408003964 1.000001989003710
13.900000000000000 3.103012939706280 3.000000005147866 1.209999408004118 1.000001808185605
14.000000000000000 3.103012939706403 3.000000005147737 1.209999408004257 1.000001643805447
14.100000000000001 3.103012939706513 3.000000005147633 1.209999408004385 1.000001494368887
14.200000000000001 3.103012939706614 3.000000005147545 1.209999408004501 1.000001358517425
14.300000000000001 3.103012939706707 3.000000005147474 1.209999408004606 1.000001235016060
14.400000000000000 3.103012939706789 3.000000005147414 1.209999408004701 1.000001122742059
14.500000000000000 3.103012939706864 3.000000005147364 1.209999408004789 1.000001020674760
14.600000000000001 3.103012939706933 3.000000005147323 1.209999408004867 1.000000927886284
14.700000000000001 3.103012939706996 3.000000005147290 1.209999408004939 1.000000843533104
14.800000000000001 3.103012939707053 3.000000005147263 1.209999408005005 1.000000766848379
14.900000000000000 3.103012939707105 3.000000005147239 1.209999408005064 1.000000697134980
15.000000000000000 3.103012939707151 3.000000005147218 1.209999408005118 1.000000633759149
15.100000000000001 3.103012939707195 3.000000005147203 1.209999408005168 1.000000576144748
15.200000000000001 3.103012939707234 3.000000005147195 1.209999408005212 1.000000523768011
15.300000000000001 3.103012939707269 3.000000005147181 1.209999408005253 1.000000476152789
15.400000000000000 3.103012939707301 3.000000005147172 1.209999408005290 1.000000432866216
15.500000000000000 3.103012939707331 3.000000005147164 1.209999408005323 1.000000393514782
15.600000000000001 3.103012939707357 3.000000005147159 1.209999408005354 1.000000357740746
15.700000000000001 3.103012939707382 3.000000005147154 1.209999408005381 1.000000325218890
15.800000000000001 3.103012939707404 3.000000005147148 1.209999408005407 1.000000295653565
15.900000000000000 3.103012939707424 3.000000005147147 1.209999408005429 1.000000268775991
16.000000000000000 3.103012939707441 3.000000005147144 1.209999408005449 1.000000244341831
16.100000000000001 3.103012939707458 3.000000005147141 1.209999408005469 1.000000222128957
16.199999999999999 3.103012939707472 3.000000005147139 1.209999408005486 1.000000201935432
16.300000000000001 3.103012939707487 3.000000005147137 1.209999408005503 1.000000183577681
16.400000000000002 3.103012939707499 3.000000005147137 1.209999408005516 1.000000166888815
16.500000000000000 3.103012939707509 3.000000005147136 1.209999408005529 1.000000151717116
16.600000000000001 3.103012939707509 3.000000005147135 1.209999408005529 1.000000137924653
16.699999999999999 3.103012939707530 3.000000005147132 1.209999408005552 1.000000125386067
16.800000000000001 3.103012939707530 3.000000005147133 1.209999408005552 1.000000113987334
16.900000000000002 3.103012939707546 3.000000005147132 1.209999408005570 1.000000103624865
17.000000000000000 3.103012939707546 3.000000005147134 1.209999408005570 1.000000094204424
17.100000000000001 3.103012939707559 3.000000005147131 1.209999408005585 1.000000085640397
17.199999999999999 3.103012939707559 3.000000005147129 1.209999408005585 1.000000077854909
17.300000000000001 3.103012939707559 3.000000005147129 1.209999408005585 1.000000070777191
17.400000000000002 3.103012939707575 3.000000005147129 1.209999408005603 1.000000064342915
17.500000000000000 3.103012939707575 3.000000005147131 1.209999408005603 1.000000058493560
17.600000000000001 3.103012939707575 3.000000005147127 1.209999408005603 1.000000053175966
17.699999999999999 3.103012939707587 3.000000005147129 1.209999408005617 1.000000048341798
17.800000000000001 3.103012939707587 3.000000005147129 1.209999408005617 1.000000043947090
17.900000000000002 3.103012939707587 3.000000005147129 1.209999408005617 1.000000039951900
18.000000000000000 3.103012939707587 3.000000005147131 1.209999408005617 1.000000036319910
18.100000000000001 3.103012939707598 3.000000005147129 1.209999408005630 1.000000033018110
18.199999999999999 3.103012939707598 3.000000005147131 1.209999408005630 1.000000030016463
18.300000000000001 3.103012939707598 3.000000005147129 1.209999408005630 1.000000027287694
18.400000000000002 3.103012939707598 3.000000005147131 1.209999408005630 1.000000024806995
18.500000000000000 3.103012939707598 3.000000005147129 1.209999408005630 1.000000022551813
18.600000000000001 3.103012939707598 3.000000005147131 1.209999408005630 1.000000020501648
18.699999999999999 3.103012939707598 3.000000005147129 1.209999408005630 1.000000018637862
18.800000000000001 3.103012939707609 3.000000005147129 1.209999408005644 1.000000016943521
18.900000000000002 3.103012939707609 3.000000005147129 1.209999408005644 1.000000015403201
19.000000000000000 3.103012939707609 3.000000005147129 1.209999408005644 1.000000014002910
19.100000000000001 3.103012939707609 3.000000005147129 1.209999408005644 1.000000012729918
19.200000000000003 3.103012939707609 3.000000005147129 1.209999408005644 1.000000011572653
19.300000000000001 3.103012939707609 3.000000005147129 1.209999408005644 1.000000010520594
19.400000000000002 3.103012939707609 3.000000005147131 1.209999408005644 1.000000009564176
19.500000000000000 3.103012939707609 3.000000005147129 1.209999408005644 1.000000008694706
19.600000000000001 3.103012939707609 3.000000005147129 1.209999408005644 1.000000007904278
19.700000000000003 3.103012939707609 3.000000005147129 1.209999408005644 1.000000007185707
19.800000000000001 3.103012939707609 3.000000005147131 1.209999408005644 1.000000006532461
19.900000000000002 3.103012939707609 3.000000005147128 1.209999408005644 1.000000005938601
20.000000000000000 3.103012939707609 3.000000005147129 1.209999408005644 1.000000005398728
