0.000000000000000 0.000000000000000 0.000000000000000 0.000000000000000
0.100000000000000 0.034565126075838 0.004268636805616 0.140394289356648
0.200000000000000 0.068145250745012 0.009125370506056 0.270974098562773
0.300000000000000 0.100803631584518 0.015057942935289 0.393059541628551
0.400000000000000 0.132599329677079 0.022750318410210 0.507941039241197
0.500000000000000 0.163587524662868 0.033220789722591 0.616965284799173
0.600000000000000 0.193819803350222 0.048051470530328 0.721664772057622
0.700000000000000 0.223344424264086 0.069782922521324 0.823967676178725
0.800000000000000 0.252206560220043 0.102611883436682 0.926557413154685
0.900000000000000 0.280448520702398 0.153656806124273 1.033514544494994
1.000000000000000 0.308109955443788 0.235311770586236 1.151501541324586
1.100000000000000 0.308110005259781 0.235311923171221 1.113537411987838
1.200000000000000 0.308110050549133 0.235312061891321 1.079022981298764
1.300000000000000 0.308110091721285 0.235312188000622 1.047646217781639
1.400000000000000 0.308110129150527 0.235312302645543 1.019121879446210
1.500000000000000 0.308110163177121 0.235312406868282 0.993190656500758
1.600000000000000 0.308110194110398 0.235312501616294 0.969616811932275
1.700000000000000 0.308110222231568 0.235312587750917 0.948186038131805
1.800000000000000 0.308110247796276 0.235312666055171 0.928703511580010
1.900000000000000 0.308110271036927 0.235312737240900 0.910992119836420
2.000000000000000 0.308110292164796 0.235312801955237 0.894890850396726
2.100000000000000 0.308110311371956 0.235312860786486 0.880253329206090
2.200000000000000 0.308110328833015 0.235312914269468 0.866946488400704
2.300000000000000 0.308110344706710 0.235312962890387 0.854849357282662
2.400000000000000 0.308110359137345 0.235313007091241 0.843851962983677
2.500000000000000 0.308110372256109 0.235313047273854 0.833854329271509
2.600000000000000 0.308110384182260 0.235313083803520 0.824765569280417
2.700000000000000 0.308110395024218 0.235313117012318 0.816503058176957
2.800000000000000 0.308110404880547 0.235313147202150 0.808991682208543
2.900000000000000 0.308110413840848 0.235313174647461 0.802163157695540
3.000000000000000 0.308110421986578 0.235313199597753 0.795955406200241
3.100000000000000 0.308110429391789 0.235313222279845 0.790311994754540
3.200000000000000 0.308110436123801 0.235313242899935 0.785181619163967
3.300000000000000 0.308110442243813 0.235313261645476 0.780517640380127
3.400000000000000 0.308110447807461 0.235313278686885 0.776277658620500
3.500000000000000 0.308110452865326 0.235313294179079 0.772423128788363
3.600000000000000 0.308110457463385 0.235313308262897 0.768919010087415
3.700000000000000 0.308110461643440 0.235313321066373 0.765733446722520
3.800000000000000 0.308110465443490 0.235313332705897 0.762837479686576
3.900000000000000 0.308110468898083 0.235313343287288 0.760204781195838
4.000000000000000 0.308110472038622 0.235313352906737 0.757811418657085
4.100000000000001 0.308110474893659 0.235313361651692 0.755635633733757
4.200000000000000 0.308110477489147 0.235313369601653 0.753657647613280
4.300000000000000 0.308110479848682 0.235313376828894 0.751859477598621
4.400000000000000 0.308110481993716 0.235313383399112 0.750224777236524
4.500000000000000 0.308110483943746 0.235313389372041 0.748738685549528
4.600000000000001 0.308110485716501 0.235313394801979 0.747387693143344
4.700000000000000 0.308110487328096 0.235313399738284 0.746159517418028
4.800000000000001 0.308110488793184 0.235313404225837 0.745042994210433
4.900000000000000 0.308110490125083 0.235313408305433 0.744027972545252
5.000000000000000 0.308110491335899 0.235313412014159 0.743105225595303
5.100000000000001 0.308110492436642 0.235313415385725 0.742266364306333
5.200000000000000 0.308110493437317 0.235313418450786 0.741503763234250
5.300000000000001 0.308110494347023 0.235313421237208 0.740810489268931
5.400000000000000 0.308110495174028 0.235313423770319 0.740180239905928
5.500000000000000 0.308110495925850 0.235313426073148 0.739607285959059
5.600000000000001 0.308110496609326 0.235313428166627 0.739086418713876
5.700000000000000 0.308110497230667 0.235313430069793 0.738612902854294
5.800000000000001 0.308110497795523 0.235313431799943 0.738182433608047
5.900000000000000 0.308110498309029 0.235313433372807 0.737791097888946
6.000000000000000 0.308110498775852 0.235313434802686 0.737435338103672
6.100000000000001 0.308110499200237 0.235313436102574 0.737111920177398
6.200000000000000 0.308110499586042 0.235313437284291 0.736817903577815
6.300000000000001 0.308110499936773 0.235313438358577 0.736550616002093
6.400000000000000 0.308110500255620 0.235313439335206 0.736307626953607
6.500000000000000 0.308110500545481 0.235313440223046 0.736086727980005
6.600000000000001 0.308110500808991 0.235313441030177 0.735885910690820
6.700000000000000 0.308110501048546 0.235313441763932 0.735703349215974
6.800000000000001 0.308110501266323 0.235313442430981 0.735537384440643
6.900000000000000 0.308110501464302 0.235313443037390 0.735386507351927
7.000000000000000 0.308110501644284 0.235313443588672 0.735249345938243
7.100000000000001 0.308110501807902 0.235313444089833 0.735124654309155
7.200000000000000 0.308110501956647 0.235313444545439 0.735011297818411
7.300000000000001 0.308110502091869 0.235313444959624 0.734908246402608
7.400000000000000 0.308110502214800 0.235313445336156 0.734814563701032
7.500000000000000 0.308110502326553 0.235313445678460 0.734729397063656
7.600000000000001 0.308110502428148 0.235313445989643 0.734651973332309
7.700000000000000 0.308110502520507 0.235313446272538 0.734581587738451
7.800000000000001 0.308110502604469 0.235313446529715 0.734517601016608
7.900000000000000 0.308110502680799 0.235313446763512 0.734459430966683
8.000000000000000 0.308110502750190 0.235313446976057 0.734406549567384
8.100000000000000 0.308110502813272 0.235313447169276 0.734358475426716
8.200000000000001 0.308110502870620 0.235313447344934 0.734314771117449
8.300000000000001 0.308110502922754 0.235313447504619 0.734275040512593
8.400000000000000 0.308110502970149 0.235313447649790 0.734238921679974
8.500000000000000 0.308110503013235 0.235313447781761 0.734206086216104
8.600000000000000 0.308110503052405 0.235313447901738 0.734176235915517
8.700000000000001 0.308110503088013 0.235313448010805 0.734149099218061
8.800000000000001 0.308110503120385 0.235313448109960 0.734124429210498
8.900000000000000 0.308110503149813 0.235313448200098 0.734102002516283
9.000000000000000 0.308110503176566 0.235313448282044 0.734081614188548
9.100000000000000 0.308110503200887 0.235313448356538 0.734063079486453
9.200000000000001 0.308110503222998 0.235313448424262 0.734046229434301
9.300000000000001 0.308110503243097 0.235313448485827 0.734030911931762
9.400000000000000 0.308110503261370 0.235313448541798 0.734016986202764
9.500000000000000 0.308110503277982 0.235313448592677 0.734004326570243
9.600000000000001 0.308110503293083 0.235313448638934 0.733992818015264
9.700000000000001 0.308110503306811 0.235313448680985 0.733982355732927
9.800000000000001 0.308110503319292 0.235313448719212 0.733972844466238
9.900000000000000 0.308110503330638 0.235313448753967 0.733964197617926
10.000000000000000 0.308110503340953 0.235313448785559 0.733956337250450
10.100000000000001 0.308110503350330 0.235313448814280 0.733949191199419
10.200000000000001 0.308110503358854 0.235313448840390 0.733942695071993
10.300000000000001 0.308110503366604 0.235313448864127 0.733936789138261
10.400000000000000 0.308110503373648 0.235313448885704 0.733931420329639
10.500000000000000 0.308110503380053 0.235313448905322 0.733926539574342
10.600000000000001 0.308110503385875 0.235313448923156 0.733922102463515
10.700000000000001 0.308110503391168 0.235313448939368 0.733918068807143
10.800000000000001 0.308110503395980 0.235313448954108 0.733914401745875
10.900000000000000 0.308110503400354 0.235313448967505 0.733911067973070
11.000000000000000 0.308110503404331 0.235313448979687 0.733908037512750
11.100000000000001 0.308110503407946 0.235313448990761 0.733905282387337
11.200000000000001 0.308110503411233 0.235313449000828 0.733902777727869
11.300000000000001 0.308110503414220 0.235313449009977 0.733900501107876
11.400000000000000 0.308110503416937 0.235313449018296 0.733898430989063
11.500000000000000 0.308110503419406 0.235313449025861 0.733896549163799
11.600000000000001 0.308110503421651 0.235313449032737 0.733894838312629
11.700000000000001 0.308110503423691 0.235313449038985 0.733893283558588
11.800000000000001 0.308110503425546 0.235313449044671 0.733891869358574
11.900000000000000 0.308110503427233 0.235313449049833 0.733890584388331
12.000000000000000 0.308110503428766 0.235313449054531 0.733889415769291
12.100000000000001 0.308110503430160 0.235313449058800 0.733888353509460
12.200000000000001 0.308110503431427 0.235313449062682 0.733887388060935
12.300000000000001 0.308110503432579 0.235313449066211 0.733886510097856
12.400000000000000 0.308110503433626 0.235313449069416 0.733885712070717
12.500000000000000 0.308110503434578 0.235313449072333 0.733884986652057
12.600000000000001 0.308110503435444 0.235313449074983 0.733884326958505
12.700000000000001 0.308110503436231 0.235313449077392 0.733883727438951
12.800000000000001 0.308110503436945 0.235313449079583 0.733883182542290
12.900000000000000 0.308110503437596 0.235313449081576 0.733882686717416
13.000000000000000 0.308110503438187 0.235313449083387 0.733882236411618
13.100000000000001 0.308110503438724 0.235313449085032 0.733881826961967
13.200000000000001 0.308110503439213 0.235313449086531 0.733881454149623
13.300000000000001 0.308110503439657 0.235313449087888 0.733881116420274
13.400000000000000 0.308110503440061 0.235313449089127 0.733880808222815
13.500000000000000 0.308110503440427 0.235313449090251 0.733880528669068
13.600000000000001 0.308110503440761 0.235313449091273 0.733880274428368
13.700000000000001 0.308110503441065 0.235313449092200 0.733880043280274
13.800000000000001 0.308110503441341 0.235313449093046 0.733879833004341
13.900000000000000 0.308110503441591 0.235313449093814 0.733879642046262
14.000000000000000 0.308110503441819 0.235313449094513 0.733879468185591
14.100000000000001 0.308110503442026 0.235313449095146 0.733879310534153
14.200000000000001 0.308110503442215 0.235313449095723 0.733879167093549
14.300000000000001 0.308110503442386 0.235313449096251 0.733879036087424
14.400000000000000 0.308110503442541 0.235313449096723 0.733878917959868
14.500000000000000 0.308110503442683 0.235313449097159 0.733878810046348
14.600000000000001 0.308110503442812 0.235313449097553 0.733878711902777
14.700000000000001 0.308110503442929 0.235313449097910 0.733878622640976
14.800000000000001 0.308110503443035 0.235313449098237 0.733878541816860
14.900000000000000 0.308110503443131 0.235313449098531 0.733878468098159
15.000000000000000 0.308110503443219 0.235313449098799 0.733878401484875
15.100000000000001 0.308110503443300 0.235313449099048 0.733878339978610
15.200000000000001 0.308110503443372 0.235313449099269 0.733878284911628
15.300000000000001 0.308110503443438 0.235313449099471 0.733878234729621
15.400000000000000 0.308110503443498 0.235313449099654 0.733878188988500
15.500000000000000 0.308110503443552 0.235313449099821 0.733878147466219
15.600000000000001 0.308110503443602 0.235313449099975 0.733878109274604
15.700000000000001 0.308110503443647 0.235313449100111 0.733878075301829
15.800000000000001 0.308110503443688 0.235313449100238 0.733878043993586
15.900000000000000 0.308110503443726 0.235313449100352 0.733878015349874
16.000000000000000 0.308110503443759 0.235313449100454 0.733877989814781
16.100000000000001 0.308110503443790 0.235313449100549 0.733877966278088
16.199999999999999 0.308110503443818 0.235313449100634 0.733877944961837
16.300000000000001 0.308110503443844 0.235313449100713 0.733877925421941
16.400000000000002 0.308110503443867 0.235313449100786 0.733877907658399
16.500000000000000 0.308110503443888 0.235313449100849 0.733877891893255
16.600000000000001 0.308110503443888 0.235313449100849 0.733877891893255
16.699999999999999 0.308110503443924 0.235313449100960 0.733877864137720
16.800000000000001 0.308110503443924 0.235313449100960 0.733877864137720
16.900000000000002 0.308110503443954 0.235313449101053 0.733877841045115
17.000000000000000 0.308110503443954 0.235313449101053 0.733877841045115
17.100000000000001 0.308110503443979 0.235313449101129 0.733877821949307
17.199999999999999 0.308110503443979 0.235313449101129 0.733877821949307
17.300000000000001 0.308110503443979 0.235313449101129 0.733877821949307
17.400000000000002 0.308110503444009 0.235313449101218 0.733877799522834
17.500000000000000 0.308110503444009 0.235313449101218 0.733877799522834
17.600000000000001 0.308110503444009 0.235313449101218 0.733877799522834
17.699999999999999 0.308110503444031 0.235313449101287 0.733877782647470
17.800000000000001 0.308110503444031 0.235313449101287 0.733877782647470
17.900000000000002 0.308110503444031 0.235313449101287 0.733877782647470
18.000000000000000 0.308110503444031 0.235313449101287 0.733877782647470
18.100000000000001 0.308110503444052 0.235313449101352 0.733877766438237
18.199999999999999 0.308110503444052 0.235313449101352 0.733877766438237
18.300000000000001 0.308110503444052 0.235313449101352 0.733877766438237
18.400000000000002 0.308110503444052 0.235313449101352 0.733877766438237
18.500000000000000 0.308110503444052 0.235313449101352 0.733877766438237
18.600000000000001 0.308110503444052 0.235313449101352 0.733877766438237
18.699999999999999 0.308110503444052 0.235313449101352 0.733877766438237
18.800000000000001 0.308110503444075 0.235313449101421 0.733877749340827
18.900000000000002 0.308110503444075 0.235313449101421 0.733877749340827
19.000000000000000 0.308110503444075 0.235313449101421 0.733877749340827
19.100000000000001 0.308110503444075 0.235313449101421 0.733877749340827
19.200000000000003 0.308110503444075 0.235313449101421 0.733877749340827
19.300000000000001 0.308110503444075 0.235313449101421 0.733877749340827
19.400000000000002 0.308110503444075 0.235313449101421 0.733877749340827
19.500000000000000 0.308110503444075 0.235313449101421 0.733877749340827
19.600000000000001 0.308110503444075 0.235313449101421 0.733877749340827
19.700000000000003 0.308110503444075 0.235313449101421 0.733877749340827
19.800000000000001 0.308110503444075 0.235313449101421 0.733877749340827
19.900000000000002 0.308110503444075 0.235313449101421 0.733877749340827
20.000000000000000 0.308110503444075 0.235313449101421 0.733877749340827
