0.000000000000000 0.000000000000000 0.000000000000000 0.000000000000000
0.100000000000000 0.179228052238101 0.035301651795914 0.214529704034015
0.200000000000000 0.348244719813842 0.067011059745162 0.415255779559004
0.300000000000000 0.508921116148358 0.095818083598807 0.604739199747165
0.400000000000000 0.663290687328486 0.122371173570715 0.785661860899200
0.500000000000000 0.813773599184632 0.147324147714920 0.961097746899552
0.600000000000000 0.963536045938172 0.171385966345117 1.134922012283289
0.700000000000000 1.117095022964135 0.195382687021663 1.312477709985797
0.800000000000000 1.281375856811410 0.220343254417321 1.501719111228730
0.900000000000000 1.467619871321665 0.247626172866804 1.715246044188468
1.000000000000000 1.694923267354610 0.279114150147682 1.974037417502291
1.100000000000000 1.656959340418840 0.253327629486108 1.910286969904947
1.200000000000000 1.622445093739218 0.229928023724157 1.852373117463374
1.300000000000000 1.591068497503546 0.208694507832136 1.799763005335682
1.400000000000000 1.562544311242281 0.189426688080986 1.751970999323267
1.500000000000000 1.536613226546161 0.171942707039210 1.708555933585370
1.600000000000000 1.513039507658967 0.156077523576458 1.669117031235424
1.700000000000000 1.491608848114290 0.141681351723079 1.633290199837369
1.800000000000000 1.472126425431457 0.128618243818715 1.600744669250171
1.900000000000000 1.454415128114246 0.116764804837654 1.571179932951900
2.000000000000000 1.438313944516760 0.106009026111690 1.544322970628449
2.100000000000000 1.423676501364533 0.096249227876291 1.519925729240823
2.200000000000000 1.410369731503188 0.087393101127253 1.497762832630441
2.300000000000000 1.398272664879759 0.079356840171276 1.477629505051034
2.400000000000000 1.387275329212263 0.072064357966552 1.459339687178814
2.500000000000000 1.377277748801472 0.065446576875658 1.442724325677130
2.600000000000000 1.368189037266196 0.059440787817776 1.427629825083972
2.700000000000000 1.359926570213493 0.053990071070248 1.413916641283741
2.800000000000000 1.352415234291239 0.049042772217420 1.401458006508658
2.900000000000000 1.345586746183849 0.044552027070121 1.390138773253970
3.000000000000000 1.339379027784572 0.040475329849438 1.379854357634010
3.100000000000000 1.333735646426174 0.036774139560644 1.370509785986816
3.200000000000000 1.328605298187703 0.033413520236379 1.362018818424082
3.300000000000000 1.323941344269417 0.030361811518311 1.354303155787727
3.400000000000000 1.319701385114847 0.027590326777632 1.347291711892479
3.500000000000000 1.315846875832768 0.025073076570542 1.340919952403310
3.600000000000000 1.312342775813697 0.022786515648170 1.335129291461867
3.700000000000000 1.309157229432333 0.020709311995931 1.329866541428263
3.800000000000000 1.306261277835963 0.018822136499483 1.325083414335445
3.900000000000000 1.303628593381210 0.017107471871054 1.320736065252263
4.000000000000000 1.301235243602445 0.015549439466487 1.316784683068932
4.100000000000001 1.299059470279107 0.014133642614686 1.313193112893793
4.200000000000000 1.297081494704080 0.012847025088074 1.309928519792153
4.300000000000000 1.295283334276198 0.011677743373847 1.306961077650044
4.400000000000000 1.293648642629352 0.010615051461376 1.304263694090728
4.500000000000000 1.292162558865316 0.009649196936137 1.301811755801452
4.600000000000001 1.290811573661823 0.008771327258552 1.299582900920375
4.700000000000000 1.289583404484409 0.007973405200470 1.297556809684878
4.800000000000001 1.288466887229453 0.007248132507368 1.295715019736821
4.900000000000000 1.287451870975767 0.006588880946742 1.294040751922509
5.000000000000000 1.286529128945361 0.005989629989954 1.292518758935314
5.100000000000001 1.285690272128700 0.005444910454736 1.291135182583435
5.200000000000000 1.284927675122353 0.004949753507855 1.289877428630208
5.300000000000001 1.284234404853162 0.004499644492299 1.288734049345461
5.400000000000000 1.283604158850274 0.004090481101048 1.287694639951322
5.500000000000000 1.283031207958057 0.003718535470613 1.286749743428669
5.600000000000001 1.282510343489828 0.003380419812707 1.285890763302534
5.700000000000000 1.282036830154755 0.003073055242382 1.285109885397136
5.800000000000001 1.281606363203513 0.002793643496227 1.284400006699740
5.900000000000000 1.281215029570782 0.002539641265524 1.283754670836306
6.000000000000000 1.280859271682210 0.002308736896916 1.283168008579125
6.100000000000001 1.280535855480209 0.002098829237801 1.282634684718010
6.200000000000000 1.280241840448149 0.001908008425602 1.282149848873751
6.300000000000001 1.279974554297443 0.001734538439572 1.281709092737015
6.400000000000000 1.279731566544434 0.001576841251381 1.281308407795814
6.500000000000000 1.279510668748532 0.001433482426347 1.280944151174879
6.600000000000001 1.279309852529988 0.001303158041303 1.280613010571291
6.700000000000000 1.279127292028452 0.001184682797711 1.280311974826162
6.800000000000001 1.278961328137947 0.001076979220091 1.280038307358038
6.900000000000000 1.278810451853618 0.000979067840073 1.279789519693690
7.000000000000000 1.278673291171199 0.000890058275680 1.279563349446878
7.100000000000001 1.278548600206891 0.000809141123850 1.279357741330740
7.200000000000000 1.278435244320497 0.000735580591796 1.279170824912292
7.300000000000001 1.278332193454101 0.000668707799625 1.279000901253726
7.400000000000000 1.278238511251987 0.000607914692953 1.278846425944940
7.500000000000000 1.278153345068670 0.000552648509773 1.278705993578442
7.600000000000001 1.278075921750100 0.000502406751054 1.278578328501154
7.700000000000000 1.278005536531496 0.000456732609108 1.278462269140603
7.800000000000001 1.277941550150792 0.000415210812004 1.278356760962796
7.900000000000000 1.277883380410995 0.000377463846123 1.278260844257117
8.000000000000000 1.277830499293631 0.000343148522390 1.278173647816020
8.100000000000000 1.277782425409264 0.000311952854909 1.278094378264172
8.200000000000001 1.277738721333002 0.000283593223529 1.278022314556531
8.300000000000001 1.277698990939966 0.000257811794512 1.277956802734477
8.400000000000000 1.277662872299913 0.000234374175801 1.277897246475713
8.500000000000000 1.277630037011100 0.000213067285550 1.277843104296650
8.600000000000000 1.277600186869659 0.000193697414484 1.277793884284143
8.700000000000001 1.277573050316879 0.000176088464490 1.277749138781368
8.800000000000001 1.277548380440843 0.000160080347374 1.277708460788215
8.900000000000000 1.277525953866193 0.000145527529232 1.277671481395425
9.000000000000000 1.277505565647158 0.000132297707185 1.277637863354343
9.100000000000000 1.277487031043878 0.000120270606436 1.277607301650313
9.200000000000001 1.277470181081561 0.000109336886706 1.277579517968266
9.300000000000001 1.277454863660686 0.000099397148108 1.277554260808793
9.400000000000000 1.277440938005931 0.000090361027410 1.277531299033341
9.500000000000000 1.277428278440901 0.000082146376463 1.277510424817363
9.600000000000001 1.277416769947281 0.000074678515331 1.277491448462611
9.700000000000001 1.277406307720723 0.000067889553328 1.277474197274051
9.800000000000001 1.277396796504742 0.000061717771782 1.277458514276524
9.900000000000000 1.277388149702530 0.000056107062919 1.277444256765448
10.000000000000000 1.277380289376962 0.000051006419760 1.277431295796722
10.100000000000001 1.277373143364029 0.000046369472398 1.277419512836426
10.200000000000001 1.277366647271237 0.000042154066429 1.277408801337666
10.300000000000001 1.277360741368991 0.000038321879720 1.277399063248711
10.400000000000000 1.277355372588992 0.000034838074003 1.277390210662995
10.500000000000000 1.277350491859717 0.000031670978160 1.277382162837876
10.600000000000001 1.277346054772545 0.000028791800290 1.277374846572835
10.700000000000001 1.277342021137680 0.000026174365959 1.277368195503638
10.800000000000001 1.277338354095964 0.000023794880243 1.277362148976207
10.900000000000000 1.277335020340929 0.000021631711407 1.277356652052335
11.000000000000000 1.277331989896767 0.000019665194246 1.277351655091013
11.100000000000001 1.277329234786045 0.000017877451314 1.277347112237358
11.200000000000001 1.277326730139930 0.000016252230390 1.277342982370319
11.300000000000001 1.277324453532073 0.000014774756735 1.277339228288808
11.400000000000000 1.277322383424296 0.000013431598772 1.277335815023067
11.500000000000000 1.277320501609065 0.000012210545979 1.277332712155044
11.600000000000001 1.277318790767016 0.000011100497886 1.277329891264902
11.700000000000001 1.277317236021264 0.000010091363156 1.277327327384419
11.800000000000001 1.277315821828791 0.000009173967850 1.277324995796641
11.900000000000000 1.277314536865398 0.000008339972022 1.277322876837419
12.000000000000000 1.277313368252588 0.000007581793907 1.277320950046495
12.100000000000001 1.277312305998421 0.000006892540988 1.277319198539407
12.200000000000001 1.277311340555044 0.000006265947344 1.277317606502387
12.300000000000001 1.277310462596646 0.000005696316681 1.277316158913326
12.400000000000000 1.277309664573759 0.000005178470551 1.277314843044309
12.500000000000000 1.277308939158967 0.000004707701274 1.277313646860241
12.600000000000001 1.277308279468932 0.000004279729142 1.277312559198073
12.700000000000001 1.277307679952574 0.000003890663507 1.277311570616081
12.800000000000001 1.277307135058818 0.000003536967423 1.277310672026241
12.900000000000000 1.277306639236588 0.000003215425478 1.277309854662065
13.000000000000000 1.277306188933192 0.000002923114572 1.277309112047763
13.100000000000001 1.277305779485724 0.000002657377342 1.277308436863065
13.200000000000001 1.277305406675368 0.000002415798003 1.277307822473369
13.300000000000001 1.277305068947819 0.000002196180385 1.277307265128202
13.400000000000000 1.277304760752003 0.000001996527972 1.277306757279975
13.500000000000000 1.277304481199746 0.000001815025749 1.277306296225494
13.600000000000001 1.277304226960403 0.000001650023700 1.277305876984101
13.700000000000001 1.277303995813538 0.000001500021810 1.277305495835348
13.800000000000001 1.277303785538728 0.000001363656434 1.277305149195161
13.900000000000000 1.277303594581667 0.000001239687888 1.277304834269554
14.000000000000000 1.277303420721923 0.000001126989190 1.277304547711112
14.100000000000001 1.277303263071325 0.000001024535811 1.277304287607135
14.200000000000001 1.277303119631487 0.000000931396359 1.277304051027845
14.300000000000001 1.277302988626062 0.000000846724116 1.277303835350176
14.400000000000000 1.277302870499133 0.000000769749334 1.277303640248466
14.500000000000000 1.277302762586190 0.000000699772248 1.277303462358438
14.600000000000001 1.277302664443141 0.000000636156704 1.277303300599845
14.700000000000001 1.277302575181816 0.000000578324382 1.277303153506197
14.800000000000001 1.277302494358131 0.000000525749533 1.277303020107664
14.900000000000000 1.277302420639821 0.000000477954207 1.277302898594028
15.000000000000000 1.277302354026893 0.000000434503904 1.277302788530796
15.100000000000001 1.277302292520957 0.000000395003621 1.277302687524578
15.200000000000001 1.277302237454269 0.000000359094266 1.277302596548534
15.300000000000001 1.277302187272530 0.000000326449392 1.277302513721922
15.400000000000000 1.277302141531652 0.000000296772229 1.277302438303881
15.500000000000000 1.277302100009593 0.000000269792985 1.277302369802577
15.600000000000001 1.277302061818180 0.000000245266395 1.277302307084575
15.700000000000001 1.277302027845587 0.000000222969490 1.277302250815077
15.800000000000001 1.277301996537512 0.000000202699574 1.277302199237085
15.900000000000000 1.277301967893952 0.000000184272373 1.277302152166325
16.000000000000000 1.277301942358995 0.000000167520370 1.277302109879363
16.100000000000001 1.277301918822427 0.000000152291273 1.277302071113700
16.199999999999999 1.277301897506289 0.000000138446637 1.277302035952925
16.300000000000001 1.277301877966497 0.000000125860603 1.277302003827099
16.400000000000002 1.277301860203051 0.000000114418750 1.277301974621800
16.500000000000000 1.277301844437991 0.000000104017064 1.277301948455055
16.600000000000001 1.277301844437991 0.000000094560968 1.277301938998958
16.699999999999999 1.277301816682605 0.000000085964549 1.277301902647153
16.800000000000001 1.277301816682605 0.000000078149590 1.277301894832194
16.900000000000002 1.277301793590123 0.000000071045109 1.277301864635231
17.000000000000000 1.277301793590123 0.000000064586463 1.277301858176585
17.100000000000001 1.277301774494414 0.000000058714989 1.277301833209403
17.199999999999999 1.277301774494414 0.000000053377263 1.277301827871677
17.300000000000001 1.277301774494414 0.000000048524785 1.277301823019199
17.400000000000002 1.277301752068062 0.000000044113468 1.277301796181529
17.500000000000000 1.277301752068062 0.000000040103153 1.277301792171214
17.600000000000001 1.277301752068062 0.000000036457412 1.277301788525473
17.699999999999999 1.277301735192788 0.000000033143122 1.277301768335909
17.800000000000001 1.277301735192788 0.000000030130111 1.277301765322898
17.900000000000002 1.277301735192788 0.000000027391010 1.277301762583798
18.000000000000000 1.277301735192788 0.000000024900918 1.277301760093705
18.100000000000001 1.277301718983641 0.000000022637218 1.277301741620859
18.199999999999999 1.277301718983641 0.000000020579289 1.277301739562929
18.300000000000001 1.277301718983641 0.000000018708444 1.277301737692085
18.400000000000002 1.277301718983641 0.000000017007677 1.277301735991318
18.500000000000000 1.277301718983641 0.000000015461524 1.277301734445165
18.600000000000001 1.277301718983641 0.000000014055931 1.277301733039572
18.699999999999999 1.277301718983641 0.000000012778119 1.277301731761760
18.800000000000001 1.277301701886323 0.000000011616493 1.277301713502815
18.900000000000002 1.277301701886323 0.000000010560448 1.277301712446770
19.000000000000000 1.277301701886323 0.000000009600408 1.277301711486730
19.100000000000001 1.277301701886323 0.000000008727643 1.277301710613966
19.200000000000003 1.277301701886323 0.000000007934221 1.277301709820543
19.300000000000001 1.277301701886323 0.000000007212928 1.277301709099250
19.400000000000002 1.277301701886323 0.000000006557208 1.277301708443530
19.500000000000000 1.277301701886323 0.000000005961098 1.277301707847420
19.600000000000001 1.277301701886323 0.000000005419180 1.277301707305502
19.700000000000003 1.277301701886323 0.000000004926527 1.277301706812849
19.800000000000001 1.277301701886323 0.000000004478661 1.277301706364984
19.900000000000002 1.277301701886323 0.000000004071510 1.277301705957832
20.000000000000000 1.277301701886323 0.000000003701373 1.277301705587695
