0.00000000  0.00000000
0.05643341  0.13296399
0.08465011  0.24930748
0.11286682  0.38227147
0.19751693  0.53185596
0.28216704  0.67590028
0.36681716  0.80886427
0.45146727  0.94182825
0.53611738  1.09695291
0.59255079  1.21606648
0.64898420  1.34072022
0.70541761  1.45706371
0.79006772  1.57063712
0.84650113  1.70083102
0.90293454  1.83102493
0.95936795  1.98337950
1.12866817  1.87257618
1.29796840  1.78670360
1.46726862  1.71468144
1.60835214  1.64265928
1.86230248  1.57340720
2.08803612  1.50969529
2.42663657  1.45429363
2.73702032  1.40443213
3.10383747  1.37119114
3.41422122  1.34626039
3.83747178  1.32409972
4.34537246  1.30747922
4.82505643  1.29639889
5.30474041  1.29362881
5.86907449  1.28808864
6.54627540  1.28531856
7.13882619  1.28254848
7.70316027  1.28254848
8.43679458  1.28254848
9.70654628  1.28254848
20.99322799  1.27700831