0.00000000  0.00000000
0.05643341  0.16620499
0.08465011  0.26869806
0.14108352  0.37950139
0.22573363  0.50138504
0.28216704  0.60110803
0.36681716  0.71468144
0.45146727  0.86426593
0.56433409  1.00554017
0.64898420  1.14127424
0.73363431  1.26315789
0.84650113  1.38504155
0.93115124  1.49307479
1.04401806  1.44044321
1.12866817  1.39889197
1.24153499  1.35734072
1.32618510  1.31301939
1.46726862  1.27977839
1.55191874  1.24930748
1.63656885  1.21883657
1.74943567  1.19113573
1.86230248  1.16066482
2.05981941  1.12188366
2.20090293  1.10249307
2.45485327  1.06094183
2.79345372  1.01939058
3.32957111  0.98614958
3.86568849  0.96121884
4.57110609  0.94182825
5.33295711  0.93351801
6.03837472  0.93074792
7.02595937  0.92520776
8.01354402  0.92520776
9.70654628  0.92797784
11.51241535  0.92520776
20.96501129  0.92520776